UNITS MIL,10000;
EDIT proj;
ADD P1 :W0.000000  0.0000,-42.9258 1085.8661,-42.9258 1085.8661,19.0738 0.0000,19.0738;
ADD P1 :W0.000000  0.0000,-124.6129 1085.8661,-124.6129 1085.8661,-62.6133 0.0000,-62.6133;
ADD P1 :W0.000000  -1170.3583,62.8627 0.0000,62.8627 0.0000,148.7143 -1170.3583,148.7143;
ADD P1 :W0.000000  -1170.3583,-42.9258 0.0000,-42.9258 0.0000,42.9258 -1170.3583,42.9258;
ADD P1 :W0.000000  -2256.2244,168.4018 -1170.3583,168.4018 -1170.3583,230.4014 -2256.2244,230.4014;
ADD P1 :W0.000000  -2256.2244,86.7147 -1170.3583,86.7147 -1170.3583,148.7143 -2256.2244,148.7143;
ADD P1 :W0.000000  -3453.9764,250.0925 -2256.2244,250.0925 -2256.2244,269.7833 -3453.9764,269.7833;
ADD P1 :W0.000000  -3453.9764,210.7106 -2256.2244,210.7106 -2256.2244,230.4015 -3453.9764,230.4015;
ADD P1 :W0.000000  -3650.8268,250.0925 -3453.9764,250.0925 -3453.9764,324.2067 -3650.8268,324.2067;
ADD P1 :W0.000000  1085.8661,-124.6129 2283.6181,-124.6129 2283.6181,-104.9221 1085.8661,-104.9221;
ADD P1 :W0.000000  1085.8661,-163.9948 2283.6181,-163.9948 2283.6181,-144.3040 1085.8661,-144.3040;
ADD P1 :W0.000000  2283.6181,-218.4182 2480.4685,-218.4182 2480.4685,-144.3040 2283.6181,-144.3040;
SAVE;
