UNITS MIL,10000;
EDIT proj;
ADD P1 :W0.000000  0.0000,-25.8201 1144.8701,-25.8201 1144.8701,16.9437 0.0000,16.9437;
ADD P1 :W0.000000  0.0000,-88.9084 1144.8701,-88.9084 1144.8701,-46.1446 0.0000,-46.1446;
ADD P1 :W0.000000  -1151.0000,45.5070 0.0000,45.5070 0.0000,97.1471 -1151.0000,97.1471;
ADD P1 :W0.000000  -1151.0000,-25.8201 0.0000,-25.8201 0.0000,25.8201 -1151.0000,25.8201;
ADD P1 :W0.000000  -2283.7953,118.0948 -1151.0000,118.0948 -1151.0000,169.9408 -2283.7953,169.9408;
ADD P1 :W0.000000  -2283.7953,45.5069 -1151.0000,45.5069 -1151.0000,97.3530 -2283.7953,97.3530;
ADD P1 :W0.000000  -3452.7796,189.6330 -2283.7953,189.6330 -2283.7953,209.3244 -3452.7796,209.3244;
ADD P1 :W0.000000  -3452.7796,150.2495 -2283.7953,150.2495 -2283.7953,169.9408 -3452.7796,169.9408;
ADD P1 :W0.000000  -3649.6300,189.6330 -3452.7796,189.6330 -3452.7796,263.7472 -3649.6300,263.7472;
ADD P1 :W0.000000  1144.8701,-97.8877 2277.6654,-97.8877 2277.6654,-46.0417 1144.8701,-46.0417;
ADD P1 :W0.000000  1144.8701,-170.4756 2277.6654,-170.4756 2277.6654,-118.6295 1144.8701,-118.6295;
ADD P1 :W0.000000  2277.6654,-170.4755 3410.4607,-170.4755 3410.4607,-118.6295 2277.6654,-118.6295;
ADD P1 :W0.000000  2277.6654,-243.0634 3410.4607,-243.0634 3410.4607,-191.2173 2277.6654,-191.2173;
ADD P1 :W0.000000  3410.4607,-243.0633 4579.4450,-243.0633 4579.4450,-223.3720 3410.4607,-223.3720;
ADD P1 :W0.000000  3410.4607,-282.4469 4579.4450,-282.4469 4579.4450,-262.7555 3410.4607,-262.7555;
ADD P1 :W0.000000  4579.4450,-336.8697 4776.2954,-336.8697 4776.2954,-262.7555 4579.4450,-262.7555;
SAVE;
